---
- added: 8
  cycles: 1
  deleted: 8
  inserted: 8
  seconds: 0.001676957
  version: 0.43.0
  what: judges-summary
  when: 2025-05-24 05:38:41.724025240 Z
