---
- added: 8
  cycles: 1
  deleted: 8
  inserted: 8
  seconds: 0.001744923
  version: 0.43.0
  what: judges-summary
  when: 2025-05-23 16:11:00.168587727 Z
