---
- added: 8
  cycles: 1
  deleted: 8
  inserted: 8
  seconds: 0.001660042
  version: 0.43.0
  what: judges-summary
  when: 2025-05-25 06:44:26.462650925 Z
