---
- added: 8
  cycles: 1
  deleted: 8
  inserted: 8
  seconds: 0.00181351
  version: 0.43.0
  what: judges-summary
  when: 2025-05-23 18:45:57.834192060 Z
