---
- added: 8
  cycles: 1
  deleted: 8
  inserted: 8
  seconds: 0.001719846
  version: 0.43.0
  what: judges-summary
  when: 2025-05-25 07:08:39.086312268 Z
