---
- added: 8
  cycles: 1
  deleted: 8
  inserted: 8
  seconds: 0.001615658
  version: 0.43.0
  what: judges-summary
  when: 2025-05-23 23:09:18.545816039 Z
