---
- added: 8
  cycles: 1
  deleted: 8
  inserted: 8
  seconds: 0.001681696
  version: 0.43.0
  what: judges-summary
  when: 2025-05-23 19:32:04.807908320 Z
