---
- added: 8
  cycles: 1
  deleted: 8
  inserted: 8
  seconds: 0.001527305
  version: 0.43.0
  what: judges-summary
  when: 2025-05-24 15:34:41.767112062 Z
