---
- added: 8
  cycles: 1
  deleted: 8
  inserted: 8
  seconds: 0.001634226
  version: 0.43.0
  what: judges-summary
  when: 2025-05-25 05:38:23.681738774 Z
