---
- added: 8
  cycles: 1
  deleted: 8
  inserted: 8
  seconds: 0.001641473
  version: 0.43.0
  what: judges-summary
  when: 2025-05-25 00:51:14.145932857 Z
