---
- added: 8
  cycles: 1
  deleted: 8
  inserted: 8
  seconds: 0.00168187
  version: 0.43.0
  what: judges-summary
  when: 2025-05-25 04:16:42.861456910 Z
