---
- added: 8
  cycles: 1
  deleted: 8
  inserted: 8
  seconds: 0.00168213
  version: 0.43.0
  what: judges-summary
  when: 2025-05-24 11:07:10.411801777 Z
