---
- added: 8
  cycles: 1
  deleted: 8
  inserted: 8
  seconds: 0.00152178
  version: 0.43.0
  what: judges-summary
  when: 2025-05-25 08:40:52.680271999 Z
