---
- added: 8
  cycles: 1
  deleted: 8
  inserted: 8
  seconds: 0.001738942
  version: 0.43.0
  what: judges-summary
  when: 2025-05-23 19:07:30.288239771 Z
