---
- added: 8
  cycles: 1
  deleted: 8
  inserted: 8
  seconds: 0.001728054
  version: 0.43.0
  what: judges-summary
  when: 2025-05-23 22:09:18.212971674 Z
