---
- added: 8
  cycles: 1
  deleted: 8
  inserted: 8
  seconds: 0.001674964
  version: 0.43.0
  what: judges-summary
  when: 2025-05-23 21:07:48.805168377 Z
