---
- added: 8
  cycles: 1
  deleted: 8
  inserted: 8
  seconds: 0.001827336
  version: 0.43.0
  what: judges-summary
  when: 2025-05-24 16:09:35.987135915 Z
