---
- added: 8
  cycles: 1
  deleted: 8
  inserted: 8
  seconds: 0.001731222
  version: 0.43.0
  what: judges-summary
  when: 2025-05-24 04:41:47.992275159 Z
