---
- added: 8
  cycles: 1
  deleted: 8
  inserted: 8
  seconds: 0.001887631
  version: 0.43.0
  what: judges-summary
  when: 2025-05-24 07:08:19.979448980 Z
