---
- added: 8
  cycles: 1
  deleted: 8
  inserted: 8
  seconds: 0.001698697
  version: 0.43.0
  what: judges-summary
  when: 2025-05-24 23:33:29.031850336 Z
