---
- added: 8
  cycles: 1
  deleted: 8
  inserted: 8
  seconds: 0.001655981
  version: 0.43.0
  what: judges-summary
  when: 2025-05-24 02:23:18.960059281 Z
