---
- added: 8
  cycles: 1
  deleted: 8
  inserted: 8
  seconds: 0.001579696
  version: 0.43.0
  what: judges-summary
  when: 2025-05-25 02:44:03.719073594 Z
