---
- added: 8
  cycles: 1
  deleted: 8
  inserted: 8
  seconds: 0.001573524
  version: 0.43.0
  what: judges-summary
  when: 2025-05-24 21:32:48.535240326 Z
