---
- added: 8
  cycles: 1
  deleted: 8
  inserted: 8
  seconds: 0.001796235
  version: 0.43.0
  what: judges-summary
  when: 2025-05-24 03:24:34.240304246 Z
