---
- added: 8
  cycles: 1
  deleted: 8
  inserted: 8
  seconds: 0.001619442
  version: 0.43.0
  what: judges-summary
  when: 2025-05-24 08:40:16.996538552 Z
