---
- added: 8
  cycles: 1
  deleted: 8
  inserted: 8
  seconds: 0.001739227
  version: 0.43.0
  what: judges-summary
  when: 2025-05-24 16:41:40.934453062 Z
