---
- added: 8
  cycles: 1
  deleted: 8
  inserted: 8
  seconds: 0.001679822
  version: 0.43.0
  what: judges-summary
  when: 2025-05-24 11:31:40.274791429 Z
